68253673882573470416588518429543512270
191657610648769529352275440079257962211
139618351933352857538140213325895953432
8835334781340713402884807483902973185
17669692525332565143987931107937964774
187846322662727967619267463517237024616
153425391725595859043058122306113700702
123263111021651878779561951444869254794
143659205303394487599011001516538750517
223327585678624242911696063258600387535
7928690547807645815505639058883711758
165575844287702282600613722848915156452
62541756422877526334270195945299679725
243233764893305140347598444304480270450
229098885972715289488438831850176737834
276637073534463719050111192861070337081
