155890221352131604291990814675841073143
330289231135015817843900810050059044105
27557328006598418541227921684566548195
258835669736346520215129087609134330557
99064980235199678506851641014809153502
330969703870808193100451228219319777899
281573627451953177046133692050674810253
120624876855170973151509269195798496067
213534345257403564268032183949088402519
329306102538798469032847427348846718944
290449779008711406158979534947947889680
193735640599522479717889133104699450349
235196873464258190231637242867029874389
333320269200794905785137801431911042184
301988999289872246638458319736765870557
329764301605874763466935756065787064621
